OBJECTID;DEM_RÍO_MAGDALENA_tif;X;Y;DEM_RÍO_MAGDALENA_Band_1
1;68;-73,939583333333218;7,197916666666581;68,0000000
2;68;-73,943749999999895;7,193749999999914;68,0000000
3;68;-73,939583333333218;7,193749999999914;68,0000000
4;68;-73,943749999999895;7,189583333333247;68,0000000
5;68;-73,939583333333218;7,189583333333247;68,0000000
6;69;-73,943749999999895;7,185416666666581;69,0000000
7;67;-73,939583333333218;7,185416666666581;67,0000000
8;69;-73,943749999999895;7,181249999999914;69,0000000
9;66;-73,939583333333218;7,181249999999914;66,0000000
10;66;-73,939583333333218;7,177083333333247;66,0000000
11;67;-73,943749999999895;7,172916666666580;67,0000000
12;66;-73,939583333333218;7,168749999999914;66,0000000
13;75;-73,947916666666558;6,956249999999913;75,0000000
14;72;-73,943749999999895;6,956249999999913;72,0000000
15;73;-73,939583333333218;6,956249999999913;73,0000000
16;73;-73,952083333333221;6,952083333333246;73,0000000
17;74;-73,947916666666558;6,952083333333246;74,0000000
18;76;-73,943749999999895;6,952083333333246;76,0000000
19;76;-73,939583333333218;6,952083333333246;76,0000000
20;75;-73,960416666666561;6,947916666666579;75,0000000
21;72;-73,956249999999883;6,947916666666579;72,0000000
22;75;-73,952083333333221;6,947916666666579;75,0000000
23;80;-73,947916666666558;6,947916666666579;80,0000000
24;78;-73,972916666666563;6,943749999999913;78,0000000
25;75;-73,968749999999886;6,943749999999913;75,0000000
26;73;-73,964583333333223;6,943749999999913;73,0000000
27;75;-73,960416666666561;6,943749999999913;75,0000000
28;75;-73,956249999999883;6,943749999999913;75,0000000
29;77;-73,985416666666552;6,939583333333246;77,0000000
30;77;-73,977083333333226;6,939583333333246;77,0000000
31;75;-73,972916666666563;6,939583333333246;75,0000000
32;74;-73,968749999999886;6,939583333333246;74,0000000
33;77;-73,964583333333223;6,939583333333246;77,0000000
34;77;-73,960416666666561;6,939583333333246;77,0000000
35;77;-73,989583333333229;6,935416666666580;77,0000000
36;75;-73,981249999999889;6,935416666666580;75,0000000
37;76;-73,968749999999886;6,935416666666580;76,0000000
38;79;-73,964583333333223;6,935416666666580;79,0000000
39;77;-73,997916666666555;6,931249999999913;77,0000000
40;76;-73,993749999999892;6,931249999999913;76,0000000
41;76;-73,989583333333229;6,931249999999913;76,0000000
42;76;-73,985416666666552;6,931249999999913;76,0000000
43;75;-73,981249999999889;6,931249999999913;75,0000000
44;75;-73,977083333333226;6,931249999999913;75,0000000
45;75;-73,972916666666563;6,931249999999913;75,0000000
46;78;-73,968749999999886;6,931249999999913;78,0000000
47;79;-74,002083333333218;6,927083333333246;79,0000000
48;77;-73,997916666666555;6,927083333333246;77,0000000
49;76;-73,993749999999892;6,927083333333246;76,0000000
50;76;-73,989583333333229;6,927083333333246;76,0000000
51;76;-73,985416666666552;6,927083333333246;76,0000000
52;78;-73,968749999999886;6,927083333333246;78,0000000
53;78;-74,002083333333218;6,922916666666580;78,0000000
54;77;-73,997916666666555;6,922916666666580;77,0000000
55;77;-73,993749999999892;6,922916666666580;77,0000000
56;77;-73,981249999999889;6,922916666666580;77,0000000
57;81;-73,972916666666563;6,922916666666580;81,0000000
58;78;-74,006249999999895;6,918749999999912;78,0000000
59;78;-73,997916666666555;6,918749999999912;78,0000000
60;79;-73,985416666666552;6,918749999999912;79,0000000
61;78;-74,014583333333221;6,914583333333246;78,0000000
62;78;-74,002083333333218;6,914583333333246;78,0000000
63;80;-73,997916666666555;6,914583333333246;80,0000000
64;79;-74,002083333333218;6,910416666666579;79,0000000
65;78;-74,014583333333221;6,906249999999913;78,0000000
66;79;-74,006249999999895;6,906249999999913;79,0000000
67;78;-74,018749999999883;6,902083333333247;78,0000000
68;78;-74,014583333333221;6,902083333333247;78,0000000
69;78;-74,027083333333223;6,897916666666579;78,0000000
70;79;-74,022916666666561;6,897916666666579;79,0000000
71;78;-74,014583333333221;6,897916666666579;78,0000000
72;81;-74,010416666666558;6,897916666666579;81,0000000
73;79;-74,031249999999886;6,893749999999913;79,0000000
74;79;-74,027083333333223;6,893749999999913;79,0000000
75;79;-74,022916666666561;6,893749999999913;79,0000000
76;78;-74,018749999999883;6,893749999999913;78,0000000
77;81;-74,014583333333221;6,893749999999913;81,0000000
78;79;-74,031249999999886;6,889583333333245;79,0000000
79;78;-74,022916666666561;6,889583333333245;78,0000000
80;80;-74,018749999999883;6,889583333333245;80,0000000
81;78;-74,031249999999886;6,885416666666579;78,0000000
82;78;-74,027083333333223;6,885416666666579;78,0000000
83;79;-74,022916666666561;6,885416666666579;79,0000000
84;80;-74,035416666666563;6,881249999999913;80,0000000
85;81;-74,031249999999886;6,881249999999913;81,0000000
86;79;-74,039583333333226;6,877083333333246;79,0000000
87;82;-74,035416666666563;6,877083333333246;82,0000000
88;80;-74,047916666666552;6,872916666666580;80,0000000
89;79;-74,043749999999889;6,872916666666580;79,0000000
90;80;-74,039583333333226;6,872916666666580;80,0000000
91;80;-74,052083333333229;6,868749999999912;80,0000000
92;79;-74,047916666666552;6,868749999999912;79,0000000
93;79;-74,043749999999889;6,868749999999912;79,0000000
94;81;-74,039583333333226;6,868749999999912;81,0000000
95;80;-74,056249999999892;6,864583333333246;80,0000000
96;79;-74,052083333333229;6,864583333333246;79,0000000
97;79;-74,047916666666552;6,864583333333246;79,0000000
98;81;-74,043749999999889;6,864583333333246;81,0000000
99;84;-74,064583333333218;6,860416666666579;84,0000000
100;80;-74,060416666666555;6,860416666666579;80,0000000
101;79;-74,056249999999892;6,860416666666579;79,0000000
102;79;-74,052083333333229;6,860416666666579;79,0000000
103;81;-74,047916666666552;6,860416666666579;81,0000000
104;83;-74,068749999999895;6,856249999999912;83,0000000
105;79;-74,064583333333218;6,856249999999912;79,0000000
106;79;-74,056249999999892;6,856249999999912;79,0000000
107;81;-74,052083333333229;6,856249999999912;81,0000000
108;83;-74,072916666666558;6,852083333333246;83,0000000
109;80;-74,068749999999895;6,852083333333246;80,0000000
110;79;-74,060416666666555;6,852083333333246;79,0000000
111;82;-74,056249999999892;6,852083333333246;82,0000000
112;81;-74,072916666666558;6,847916666666579;81,0000000
113;79;-74,068749999999895;6,847916666666579;79,0000000
114;79;-74,064583333333218;6,847916666666579;79,0000000
115;81;-74,072916666666558;6,843749999999913;81,0000000
116;80;-74,068749999999895;6,843749999999913;80,0000000
117;82;-74,077083333333221;6,839583333333246;82,0000000
118;80;-74,072916666666558;6,839583333333246;80,0000000
119;82;-74,081249999999898;6,835416666666579;82,0000000
120;82;-74,072916666666558;6,835416666666579;82,0000000
121;81;-74,081249999999898;6,831249999999912;81,0000000
122;80;-74,077083333333221;6,831249999999912;80,0000000
123;80;-74,081249999999898;6,827083333333245;80,0000000
124;79;-74,077083333333221;6,827083333333245;79,0000000
125;83;-74,085416666666561;6,822916666666579;83,0000000
126;82;-74,077083333333221;6,822916666666579;82,0000000
127;80;-74,081249999999898;6,818749999999913;80,0000000
128;80;-74,085416666666561;6,814583333333246;80,0000000
129;84;-74,081249999999898;6,814583333333246;84,0000000
130;85;-74,097916666666563;6,810416666666579;85,0000000
131;84;-74,093749999999886;6,810416666666579;84,0000000
132;83;-74,089583333333223;6,810416666666579;83,0000000
133;84;-74,085416666666561;6,810416666666579;84,0000000
134;84;-74,110416666666552;6,806249999999912;84,0000000
135;84;-74,106249999999889;6,806249999999912;84,0000000
136;84;-74,102083333333226;6,806249999999912;84,0000000
137;83;-74,089583333333223;6,806249999999912;83,0000000
138;84;-74,114583333333229;6,802083333333245;84,0000000
139;83;-74,110416666666552;6,802083333333245;83,0000000
140;84;-74,093749999999886;6,802083333333245;84,0000000
141;83;-74,110416666666552;6,797916666666579;83,0000000
142;84;-74,093749999999886;6,797916666666579;84,0000000
143;87;-74,135416666666558;6,793749999999912;87,0000000
144;83;-74,114583333333229;6,793749999999912;83,0000000
145;84;-74,097916666666563;6,793749999999912;84,0000000
146;86;-74,139583333333221;6,789583333333246;86,0000000
147;87;-74,135416666666558;6,789583333333246;87,0000000
148;88;-74,131249999999895;6,789583333333246;88,0000000
149;84;-74,127083333333218;6,789583333333246;84,0000000
150;83;-74,122916666666555;6,789583333333246;83,0000000
151;84;-74,114583333333229;6,789583333333246;84,0000000
152;83;-74,102083333333226;6,789583333333246;83,0000000
153;84;-74,097916666666563;6,789583333333246;84,0000000
154;85;-74,139583333333221;6,785416666666579;85,0000000
155;85;-74,135416666666558;6,785416666666579;85,0000000
156;85;-74,131249999999895;6,785416666666579;85,0000000
157;84;-74,127083333333218;6,785416666666579;84,0000000
158;85;-74,122916666666555;6,785416666666579;85,0000000
159;87;-74,118749999999892;6,785416666666579;87,0000000
160;87;-74,114583333333229;6,785416666666579;87,0000000
161;86;-74,110416666666552;6,785416666666579;86,0000000
162;84;-74,106249999999889;6,785416666666579;84,0000000
163;85;-74,139583333333221;6,781249999999912;85,0000000
164;85;-74,131249999999895;6,781249999999912;85,0000000
165;88;-74,118749999999892;6,781249999999912;88,0000000
166;88;-74,114583333333229;6,781249999999912;88,0000000
167;87;-74,110416666666552;6,781249999999912;87,0000000
168;85;-74,143749999999898;6,777083333333246;85,0000000
169;89;-74,139583333333221;6,777083333333246;89,0000000
170;85;-74,143749999999898;6,772916666666578;85,0000000
171;90;-74,139583333333221;6,772916666666578;90,0000000
172;88;-74,135416666666558;6,772916666666578;88,0000000
173;85;-74,143749999999898;6,768749999999912;85,0000000
174;91;-74,139583333333221;6,768749999999912;91,0000000
175;89;-74,135416666666558;6,768749999999912;89,0000000
176;89;-74,114583333333229;6,768749999999912;89,0000000
177;57;-73,914583333333226;7,493749999999915;57,0000000
178;57;-73,910416666666563;7,493749999999915;57,0000000
179;56;-73,914583333333226;7,489583333333249;56,0000000
180;57;-73,910416666666563;7,489583333333249;57,0000000
181;57;-73,914583333333226;7,485416666666582;57,0000000
182;58;-73,914583333333226;7,481249999999915;58,0000000
183;58;-73,910416666666563;7,481249999999915;58,0000000
184;60;-73,918749999999889;7,477083333333248;60,0000000
185;57;-73,914583333333226;7,477083333333248;57,0000000
186;58;-73,910416666666563;7,477083333333248;58,0000000
187;59;-73,918749999999889;7,472916666666582;59,0000000
188;57;-73,914583333333226;7,472916666666582;57,0000000
189;58;-73,910416666666563;7,472916666666582;58,0000000
190;57;-73,910416666666563;7,468749999999915;57,0000000
191;58;-73,906249999999886;7,468749999999915;58,0000000
192;57;-73,910416666666563;7,464583333333248;57,0000000
193;58;-73,910416666666563;7,460416666666582;58,0000000
194;57;-73,906249999999886;7,460416666666582;57,0000000
195;59;-73,910416666666563;7,456249999999915;59,0000000
196;58;-73,906249999999886;7,456249999999915;58,0000000
197;59;-73,902083333333223;7,456249999999915;59,0000000
198;60;-73,910416666666563;7,452083333333248;60,0000000
199;59;-73,906249999999886;7,452083333333248;59,0000000
200;58;-73,902083333333223;7,452083333333248;58,0000000
201;59;-73,906249999999886;7,447916666666582;59,0000000
202;58;-73,902083333333223;7,447916666666582;58,0000000
203;58;-73,897916666666561;7,447916666666582;58,0000000
204;58;-73,902083333333223;7,443749999999915;58,0000000
205;58;-73,897916666666561;7,443749999999915;58,0000000
206;58;-73,897916666666561;7,439583333333248;58,0000000
207;58;-73,897916666666561;7,435416666666582;58,0000000
208;59;-73,897916666666561;7,427083333333249;59,0000000
209;60;-73,893749999999883;7,427083333333249;60,0000000
210;60;-73,897916666666561;7,422916666666581;60,0000000
211;59;-73,893749999999883;7,422916666666581;59,0000000
212;60;-73,897916666666561;7,418749999999915;60,0000000
213;59;-73,893749999999883;7,418749999999915;59,0000000
214;62;-73,902083333333223;7,414583333333248;62,0000000
215;60;-73,897916666666561;7,414583333333248;60,0000000
216;60;-73,893749999999883;7,414583333333248;60,0000000
217;61;-73,902083333333223;7,410416666666581;61,0000000
218;60;-73,897916666666561;7,410416666666581;60,0000000
219;60;-73,893749999999883;7,410416666666581;60,0000000
220;61;-73,902083333333223;7,406249999999915;61,0000000
221;60;-73,897916666666561;7,406249999999915;60,0000000
222;60;-73,902083333333223;7,402083333333248;60,0000000
223;61;-73,897916666666561;7,402083333333248;61,0000000
224;61;-73,906249999999886;7,397916666666582;61,0000000
225;60;-73,902083333333223;7,397916666666582;60,0000000
226;62;-73,897916666666561;7,397916666666582;62,0000000
227;61;-73,906249999999886;7,393749999999915;61,0000000
228;61;-73,902083333333223;7,393749999999915;61,0000000
229;62;-73,897916666666561;7,393749999999915;62,0000000
230;61;-73,906249999999886;7,389583333333248;61,0000000
231;62;-73,902083333333223;7,389583333333248;62,0000000
232;62;-73,897916666666561;7,389583333333248;62,0000000
233;62;-73,910416666666563;7,385416666666582;62,0000000
234;62;-73,902083333333223;7,385416666666582;62,0000000
235;61;-73,910416666666563;7,381249999999914;61,0000000
236;62;-73,902083333333223;7,381249999999914;62,0000000
237;61;-73,910416666666563;7,377083333333248;61,0000000
238;62;-73,902083333333223;7,377083333333248;62,0000000
239;62;-73,914583333333226;7,372916666666582;62,0000000
240;61;-73,910416666666563;7,372916666666582;61,0000000
241;62;-73,914583333333226;7,368749999999915;62,0000000
242;62;-73,910416666666563;7,368749999999915;62,0000000
243;62;-73,906249999999886;7,368749999999915;62,0000000
244;63;-73,914583333333226;7,364583333333248;63,0000000
245;62;-73,906249999999886;7,364583333333248;62,0000000
246;62;-73,902083333333223;7,364583333333248;62,0000000
247;67;-73,918749999999889;7,360416666666581;67,0000000
248;62;-73,914583333333226;7,360416666666581;62,0000000
249;64;-73,918749999999889;7,356249999999915;64,0000000
250;62;-73,914583333333226;7,356249999999915;62,0000000
251;62;-73,906249999999886;7,356249999999915;62,0000000
252;63;-73,918749999999889;7,352083333333248;63,0000000
253;62;-73,914583333333226;7,352083333333248;62,0000000
254;62;-73,906249999999886;7,352083333333248;62,0000000
255;62;-73,914583333333226;7,347916666666581;62,0000000
256;64;-73,910416666666563;7,347916666666581;64,0000000
257;63;-73,906249999999886;7,347916666666581;63,0000000
258;62;-73,914583333333226;7,343749999999915;62,0000000
259;64;-73,910416666666563;7,343749999999915;64,0000000
260;63;-73,906249999999886;7,343749999999915;63,0000000
261;62;-73,910416666666563;7,339583333333248;62,0000000
262;63;-73,906249999999886;7,339583333333248;63,0000000
263;64;-73,927083333333229;7,335416666666581;64,0000000
264;62;-73,910416666666563;7,335416666666581;62,0000000
265;62;-73,910416666666563;7,331249999999915;62,0000000
266;63;-73,914583333333226;7,327083333333248;63,0000000
267;64;-73,910416666666563;7,327083333333248;64,0000000
268;63;-73,914583333333226;7,322916666666581;63,0000000
269;64;-73,918749999999889;7,318749999999914;64,0000000
270;63;-73,914583333333226;7,318749999999914;63,0000000
271;63;-73,914583333333226;7,314583333333248;63,0000000
272;63;-73,914583333333226;7,310416666666582;63,0000000
273;64;-73,914583333333226;7,306249999999914;64,0000000
274;64;-73,910416666666563;7,306249999999914;64,0000000
275;67;-73,918749999999889;7,302083333333248;67,0000000
276;64;-73,914583333333226;7,302083333333248;64,0000000
277;64;-73,910416666666563;7,302083333333248;64,0000000
278;67;-73,918749999999889;7,297916666666581;67,0000000
279;64;-73,914583333333226;7,297916666666581;64,0000000
280;64;-73,910416666666563;7,297916666666581;64,0000000
281;67;-73,927083333333229;7,293749999999914;67,0000000
282;66;-73,922916666666552;7,293749999999914;66,0000000
283;65;-73,918749999999889;7,293749999999914;65,0000000
284;64;-73,910416666666563;7,293749999999914;64,0000000
285;67;-73,931249999999892;7,289583333333248;67,0000000
286;66;-73,927083333333229;7,289583333333248;66,0000000
287;64;-73,922916666666552;7,289583333333248;64,0000000
288;65;-73,910416666666563;7,289583333333248;65,0000000
289;66;-73,931249999999892;7,285416666666581;66,0000000
290;66;-73,927083333333229;7,285416666666581;66,0000000
291;64;-73,918749999999889;7,285416666666581;64,0000000
292;64;-73,914583333333226;7,285416666666581;64,0000000
293;65;-73,931249999999892;7,281249999999915;65,0000000
294;65;-73,927083333333229;7,281249999999915;65,0000000
295;64;-73,918749999999889;7,281249999999915;64,0000000
296;66;-73,927083333333229;7,277083333333247;66,0000000
297;64;-73,918749999999889;7,277083333333247;64,0000000
298;66;-73,927083333333229;7,272916666666581;66,0000000
299;65;-73,927083333333229;7,268749999999915;65,0000000
300;65;-73,922916666666552;7,268749999999915;65,0000000
301;65;-73,927083333333229;7,264583333333247;65,0000000
302;65;-73,922916666666552;7,264583333333247;65,0000000
303;65;-73,927083333333229;7,260416666666581;65,0000000
304;65;-73,922916666666552;7,260416666666581;65,0000000
305;68;-73,931249999999892;7,256249999999914;68,0000000
306;65;-73,922916666666552;7,256249999999914;65,0000000
307;66;-73,918749999999889;7,256249999999914;66,0000000
308;66;-73,931249999999892;7,252083333333248;66,0000000
309;65;-73,927083333333229;7,252083333333248;65,0000000
310;65;-73,922916666666552;7,252083333333248;65,0000000
311;65;-73,918749999999889;7,252083333333248;65,0000000
312;66;-73,931249999999892;7,247916666666581;66,0000000
313;65;-73,922916666666552;7,247916666666581;65,0000000
314;67;-73,918749999999889;7,247916666666581;67,0000000
315;66;-73,931249999999892;7,243749999999914;66,0000000
316;68;-73,918749999999889;7,243749999999914;68,0000000
317;69;-73,935416666666555;7,239583333333248;69,0000000
318;68;-73,918749999999889;7,239583333333248;68,0000000
319;66;-73,918749999999889;7,235416666666580;66,0000000
320;69;-73,935416666666555;7,231249999999914;69,0000000
321;65;-73,931249999999892;7,231249999999914;65,0000000
322;65;-73,927083333333229;7,231249999999914;65,0000000
323;66;-73,922916666666552;7,231249999999914;66,0000000
324;67;-73,918749999999889;7,231249999999914;67,0000000
325;66;-73,931249999999892;7,227083333333248;66,0000000
326;65;-73,927083333333229;7,227083333333248;65,0000000
327;66;-73,922916666666552;7,227083333333248;66,0000000
328;65;-73,927083333333229;7,222916666666581;65,0000000
329;66;-73,922916666666552;7,222916666666581;66,0000000
330;65;-73,927083333333229;7,218749999999914;65,0000000
331;66;-73,922916666666552;7,218749999999914;66,0000000
332;68;-73,918749999999889;7,218749999999914;68,0000000
333;66;-73,927083333333229;7,214583333333247;66,0000000
334;66;-73,922916666666552;7,214583333333247;66,0000000
335;67;-73,927083333333229;7,210416666666581;67,0000000
336;67;-73,922916666666552;7,210416666666581;67,0000000
337;67;-73,927083333333229;7,206249999999914;67,0000000
338;68;-73,931249999999892;7,202083333333247;68,0000000
339;66;-73,927083333333229;7,202083333333247;66,0000000
340;67;-73,935416666666555;7,197916666666581;67,0000000
341;66;-73,931249999999892;7,197916666666581;66,0000000
342;67;-73,935416666666555;7,193749999999914;67,0000000
343;66;-73,935416666666555;7,189583333333247;66,0000000
344;67;-73,931249999999892;7,189583333333247;67,0000000
345;68;-73,927083333333229;7,185416666666581;68,0000000
346;66;-73,935416666666555;7,181249999999914;66,0000000
347;66;-73,931249999999892;7,181249999999914;66,0000000
348;66;-73,935416666666555;7,177083333333247;66,0000000
349;66;-73,935416666666555;7,172916666666580;66,0000000
350;67;-73,931249999999892;7,172916666666580;67,0000000
351;66;-73,935416666666555;7,168749999999914;66,0000000
352;68;-73,931249999999892;7,168749999999914;68,0000000
353;66;-73,935416666666555;7,164583333333248;66,0000000
354;68;-73,931249999999892;7,164583333333248;68,0000000
355;69;-73,927083333333229;7,164583333333248;69,0000000
356;68;-73,931249999999892;7,160416666666580;68,0000000
357;70;-73,927083333333229;7,160416666666580;70,0000000
358;67;-73,931249999999892;7,156249999999914;67,0000000
359;70;-73,927083333333229;7,156249999999914;70,0000000
360;68;-73,931249999999892;7,152083333333247;68,0000000
361;67;-73,927083333333229;7,152083333333247;67,0000000
362;68;-73,922916666666552;7,152083333333247;68,0000000
363;69;-73,918749999999889;7,152083333333247;69,0000000
364;70;-73,931249999999892;7,147916666666580;70,0000000
365;67;-73,927083333333229;7,147916666666580;67,0000000
366;69;-73,922916666666552;7,147916666666580;69,0000000
367;69;-73,918749999999889;7,147916666666580;69,0000000
368;69;-73,931249999999892;7,143749999999914;69,0000000
369;68;-73,927083333333229;7,143749999999914;68,0000000
370;68;-73,914583333333226;7,143749999999914;68,0000000
371;68;-73,931249999999892;7,139583333333247;68,0000000
372;70;-73,927083333333229;7,139583333333247;70,0000000
373;68;-73,914583333333226;7,139583333333247;68,0000000
374;67;-73,931249999999892;7,135416666666581;67,0000000
375;68;-73,914583333333226;7,135416666666581;68,0000000
376;70;-73,935416666666555;7,131249999999913;70,0000000
377;68;-73,931249999999892;7,131249999999913;68,0000000
378;70;-73,935416666666555;7,127083333333247;70,0000000
379;72;-73,918749999999889;7,127083333333247;72,0000000
380;71;-73,910416666666563;7,127083333333247;71,0000000
381;72;-73,935416666666555;7,122916666666581;72,0000000
382;69;-73,931249999999892;7,122916666666581;69,0000000
383;72;-73,935416666666555;7,118749999999913;72,0000000
384;68;-73,931249999999892;7,118749999999913;68,0000000
385;67;-73,910416666666563;7,118749999999913;67,0000000
386;69;-73,931249999999892;7,114583333333247;69,0000000
387;71;-73,927083333333229;7,114583333333247;71,0000000
388;72;-73,922916666666552;7,114583333333247;72,0000000
389;70;-73,906249999999886;7,114583333333247;70,0000000
390;70;-73,931249999999892;7,110416666666580;70,0000000
391;68;-73,927083333333229;7,110416666666580;68,0000000
392;72;-73,922916666666552;7,110416666666580;72,0000000
393;71;-73,918749999999889;7,110416666666580;71,0000000
394;68;-73,902083333333223;7,110416666666580;68,0000000
395;68;-73,927083333333229;7,106249999999914;68,0000000
396;68;-73,922916666666552;7,106249999999914;68,0000000
397;71;-73,918749999999889;7,106249999999914;71,0000000
398;68;-73,922916666666552;7,102083333333247;68,0000000
399;69;-73,918749999999889;7,102083333333247;69,0000000
400;70;-73,922916666666552;7,097916666666580;70,0000000
401;68;-73,918749999999889;7,097916666666580;68,0000000
402;70;-73,914583333333226;7,097916666666580;70,0000000
403;70;-73,897916666666561;7,097916666666580;70,0000000
404;72;-73,918749999999889;7,093749999999914;72,0000000
405;69;-73,914583333333226;7,093749999999914;69,0000000
406;68;-73,910416666666563;7,093749999999914;68,0000000
407;68;-73,897916666666561;7,093749999999914;68,0000000
408;72;-73,918749999999889;7,089583333333247;72,0000000
409;72;-73,914583333333226;7,089583333333247;72,0000000
410;70;-73,910416666666563;7,089583333333247;70,0000000
411;68;-73,906249999999886;7,089583333333247;68,0000000
412;68;-73,902083333333223;7,089583333333247;68,0000000
413;68;-73,897916666666561;7,089583333333247;68,0000000
414;71;-73,906249999999886;7,085416666666580;71,0000000
415;68;-73,902083333333223;7,085416666666580;68,0000000
416;67;-73,897916666666561;7,085416666666580;67,0000000
417;68;-73,897916666666561;7,081249999999914;68,0000000
418;69;-73,893749999999883;7,081249999999914;69,0000000
419;67;-73,893749999999883;7,077083333333247;67,0000000
420;68;-73,889583333333221;7,077083333333247;68,0000000
421;70;-73,893749999999883;7,072916666666580;70,0000000
422;67;-73,889583333333221;7,072916666666580;67,0000000
423;68;-73,889583333333221;7,068749999999913;68,0000000
424;69;-73,885416666666558;7,068749999999913;69,0000000
425;68;-73,889583333333221;7,064583333333247;68,0000000
426;69;-73,885416666666558;7,064583333333247;69,0000000
427;70;-73,881249999999895;7,064583333333247;70,0000000
428;68;-73,889583333333221;7,060416666666580;68,0000000
429;74;-73,885416666666558;7,060416666666580;74,0000000
430;70;-73,881249999999895;7,060416666666580;70,0000000
431;70;-73,877083333333218;7,060416666666580;70,0000000
432;68;-73,889583333333221;7,056249999999913;68,0000000
433;72;-73,885416666666558;7,056249999999913;72,0000000
434;70;-73,881249999999895;7,056249999999913;70,0000000
435;67;-73,877083333333218;7,056249999999913;67,0000000
436;69;-73,889583333333221;7,052083333333247;69,0000000
437;71;-73,881249999999895;7,052083333333247;71,0000000
438;67;-73,877083333333218;7,052083333333247;67,0000000
439;68;-73,868749999999892;7,052083333333247;68,0000000
440;69;-73,889583333333221;7,047916666666580;69,0000000
441;69;-73,877083333333218;7,047916666666580;69,0000000
442;69;-73,889583333333221;7,043749999999913;69,0000000
443;71;-73,889583333333221;7,039583333333247;71,0000000
444;68;-73,885416666666558;7,039583333333247;68,0000000
445;71;-73,889583333333221;7,035416666666580;71,0000000
446;69;-73,885416666666558;7,035416666666580;69,0000000
447;70;-73,881249999999895;7,035416666666580;70,0000000
448;72;-73,877083333333218;7,035416666666580;72,0000000
449;69;-73,885416666666558;7,031249999999913;69,0000000
450;71;-73,889583333333221;7,027083333333247;71,0000000
451;70;-73,885416666666558;7,027083333333247;70,0000000
452;70;-73,881249999999895;7,027083333333247;70,0000000
453;73;-73,872916666666555;7,027083333333247;73,0000000
454;70;-73,885416666666558;7,022916666666580;70,0000000
455;71;-73,881249999999895;7,022916666666580;71,0000000
456;71;-73,885416666666558;7,018749999999914;71,0000000
457;71;-73,881249999999895;7,018749999999914;71,0000000
458;75;-73,877083333333218;7,018749999999914;75,0000000
459;73;-73,860416666666552;7,018749999999914;73,0000000
460;71;-73,885416666666558;7,014583333333246;71,0000000
461;70;-73,881249999999895;7,014583333333246;70,0000000
462;72;-73,872916666666555;7,014583333333246;72,0000000
463;72;-73,860416666666552;7,014583333333246;72,0000000
464;70;-73,885416666666558;7,010416666666580;70,0000000
465;71;-73,881249999999895;7,010416666666580;71,0000000
466;75;-73,877083333333218;7,010416666666580;75,0000000
467;70;-73,885416666666558;7,006249999999913;70,0000000
468;72;-73,881249999999895;7,006249999999913;72,0000000
469;73;-73,864583333333229;7,006249999999913;73,0000000
470;72;-73,889583333333221;7,002083333333246;72,0000000
471;71;-73,885416666666558;7,002083333333246;71,0000000
472;73;-73,868749999999892;7,002083333333246;73,0000000
473;71;-73,889583333333221;6,997916666666580;71,0000000
474;73;-73,902083333333223;6,993749999999913;73,0000000
475;71;-73,897916666666561;6,993749999999913;71,0000000
476;71;-73,893749999999883;6,993749999999913;71,0000000
477;71;-73,902083333333223;6,989583333333247;71,0000000
478;71;-73,897916666666561;6,989583333333247;71,0000000
479;72;-73,906249999999886;6,985416666666580;72,0000000
480;71;-73,902083333333223;6,985416666666580;71,0000000
481;72;-73,910416666666563;6,981249999999913;72,0000000
482;71;-73,906249999999886;6,981249999999913;71,0000000
483;72;-73,902083333333223;6,981249999999913;72,0000000
484;71;-73,914583333333226;6,977083333333246;71,0000000
485;71;-73,910416666666563;6,977083333333246;71,0000000
486;72;-73,906249999999886;6,977083333333246;72,0000000
487;72;-73,922916666666552;6,972916666666579;72,0000000
488;71;-73,918749999999889;6,972916666666579;71,0000000
489;71;-73,914583333333226;6,972916666666579;71,0000000
490;72;-73,910416666666563;6,972916666666579;72,0000000
491;76;-73,906249999999886;6,972916666666579;76,0000000
492;71;-73,922916666666552;6,968749999999913;71,0000000
493;72;-73,918749999999889;6,968749999999913;72,0000000
494;73;-73,914583333333226;6,968749999999913;73,0000000
495;76;-73,910416666666563;6,968749999999913;76,0000000
496;72;-73,927083333333229;6,964583333333247;72,0000000
497;71;-73,922916666666552;6,964583333333247;71,0000000
498;75;-73,918749999999889;6,964583333333247;75,0000000
499;74;-73,935416666666555;6,960416666666580;74,0000000
500;71;-73,931249999999892;6,960416666666580;71,0000000
501;71;-73,927083333333229;6,960416666666580;71,0000000
502;72;-73,922916666666552;6,960416666666580;72,0000000
503;71;-73,935416666666555;6,956249999999913;71,0000000
504;74;-73,931249999999892;6,956249999999913;74,0000000
505;73;-73,927083333333229;6,956249999999913;73,0000000
506;74;-73,922916666666552;6,956249999999913;74,0000000
507;76;-73,935416666666555;6,952083333333246;76,0000000
508;35;-73,772916666666561;8,227083333333251;35,0000000
509;35;-73,777083333333223;8,218749999999918;35,0000000
510;34;-73,777083333333223;8,214583333333252;34,0000000
511;36;-73,777083333333223;8,210416666666585;36,0000000
512;39;-73,781249999999886;8,206249999999919;39,0000000
513;37;-73,777083333333223;8,206249999999919;37,0000000
514;40;-73,781249999999886;8,202083333333253;40,0000000
515;40;-73,781249999999886;8,197916666666584;40,0000000
516;34;-73,772916666666561;8,197916666666584;34,0000000
517;34;-73,781249999999886;8,193749999999918;34,0000000
518;34;-73,777083333333223;8,193749999999918;34,0000000
519;34;-73,772916666666561;8,193749999999918;34,0000000
520;36;-73,781249999999886;8,189583333333252;36,0000000
521;32;-73,777083333333223;8,189583333333252;32,0000000
522;35;-73,772916666666561;8,189583333333252;35,0000000
523;33;-73,777083333333223;8,185416666666585;33,0000000
524;35;-73,772916666666561;8,185416666666585;35,0000000
525;36;-73,777083333333223;8,181249999999919;36,0000000
526;35;-73,772916666666561;8,181249999999919;35,0000000
527;34;-73,772916666666561;8,177083333333252;34,0000000
528;35;-73,772916666666561;8,172916666666584;35,0000000
529;36;-73,772916666666561;8,168749999999918;36,0000000
530;36;-73,772916666666561;8,160416666666585;36,0000000
531;35;-73,768749999999883;8,160416666666585;35,0000000
532;36;-73,772916666666561;8,156249999999918;36,0000000
533;35;-73,768749999999883;8,156249999999918;35,0000000
534;35;-73,772916666666561;8,152083333333252;35,0000000
535;34;-73,772916666666561;8,147916666666585;34,0000000
536;35;-73,777083333333223;8,143749999999919;35,0000000
537;38;-73,802083333333229;8,135416666666584;38,0000000
538;35;-73,797916666666552;8,135416666666584;35,0000000
539;35;-73,789583333333226;8,135416666666584;35,0000000
540;34;-73,785416666666549;8,135416666666584;34,0000000
541;37;-73,777083333333223;8,135416666666584;37,0000000
542;35;-73,806249999999892;8,131249999999918;35,0000000
543;36;-73,802083333333229;8,131249999999918;36,0000000
544;40;-73,797916666666552;8,131249999999918;40,0000000
545;37;-73,785416666666549;8,131249999999918;37,0000000
546;36;-73,781249999999886;8,131249999999918;36,0000000
547;37;-73,777083333333223;8,131249999999918;37,0000000
548;39;-73,810416666666555;8,127083333333252;39,0000000
549;42;-73,814583333333218;8,122916666666585;42,0000000
550;36;-73,814583333333218;8,118749999999919;36,0000000
551;40;-73,806249999999892;8,118749999999919;40,0000000
552;37;-73,818749999999895;8,114583333333250;37,0000000
553;35;-73,814583333333218;8,114583333333250;35,0000000
554;40;-73,810416666666555;8,114583333333250;40,0000000
555;35;-73,818749999999895;8,110416666666584;35,0000000
556;37;-73,827083333333221;8,106249999999918;37,0000000
557;36;-73,822916666666558;8,106249999999918;36,0000000
558;36;-73,831249999999883;8,102083333333251;36,0000000
559;38;-73,827083333333221;8,102083333333251;38,0000000
560;38;-73,835416666666561;8,097916666666585;38,0000000
561;39;-73,843749999999886;8,093749999999918;39,0000000
562;39;-73,839583333333223;8,093749999999918;39,0000000
563;46;-73,864583333333229;8,089583333333252;46,0000000
564;44;-73,860416666666552;8,089583333333252;44,0000000
565;45;-73,856249999999889;8,089583333333252;45,0000000
566;44;-73,852083333333226;8,089583333333252;44,0000000
567;39;-73,847916666666563;8,089583333333252;39,0000000
568;39;-73,843749999999886;8,089583333333252;39,0000000
569;43;-73,864583333333229;8,085416666666585;43,0000000
570;41;-73,856249999999889;8,085416666666585;41,0000000
571;39;-73,852083333333226;8,085416666666585;39,0000000
572;42;-73,864583333333229;8,081249999999917;42,0000000
573;42;-73,847916666666563;8,081249999999917;42,0000000
574;40;-73,864583333333229;8,077083333333251;40,0000000
575;41;-73,868749999999892;8,072916666666584;41,0000000
576;38;-73,864583333333229;8,072916666666584;38,0000000
577;39;-73,864583333333229;8,068749999999918;39,0000000
578;37;-73,868749999999892;8,064583333333252;37,0000000
579;38;-73,868749999999892;8,060416666666585;38,0000000
580;41;-73,864583333333229;8,060416666666585;41,0000000
581;38;-73,868749999999892;8,056249999999917;38,0000000
582;39;-73,864583333333229;8,056249999999917;39,0000000
583;37;-73,868749999999892;8,052083333333250;37,0000000
584;37;-73,864583333333229;8,052083333333250;37,0000000
585;37;-73,868749999999892;8,047916666666584;37,0000000
586;39;-73,864583333333229;8,047916666666584;39,0000000
587;38;-73,868749999999892;8,043749999999918;38,0000000
588;40;-73,868749999999892;8,039583333333251;40,0000000
589;42;-73,868749999999892;8,035416666666585;42,0000000
590;45;-73,864583333333229;8,035416666666585;45,0000000
591;41;-73,868749999999892;8,031249999999918;41,0000000
592;44;-73,872916666666555;8,027083333333252;44,0000000
593;44;-73,864583333333229;8,027083333333252;44,0000000
594;45;-73,872916666666555;8,022916666666584;45,0000000
595;40;-73,868749999999892;8,022916666666584;40,0000000
596;45;-73,860416666666552;8,022916666666584;45,0000000
597;46;-73,872916666666555;8,018749999999917;46,0000000
598;41;-73,868749999999892;8,018749999999917;41,0000000
599;42;-73,864583333333229;8,018749999999917;42,0000000
600;45;-73,872916666666555;8,014583333333251;45,0000000
601;44;-73,868749999999892;8,014583333333251;44,0000000
602;42;-73,864583333333229;8,014583333333251;42,0000000
603;45;-73,860416666666552;8,014583333333251;45,0000000
604;46;-73,872916666666555;8,010416666666584;46,0000000
605;46;-73,860416666666552;8,010416666666584;46,0000000
606;44;-73,864583333333229;8,006249999999918;44,0000000
607;46;-73,860416666666552;8,006249999999918;46,0000000
608;44;-73,864583333333229;8,002083333333252;44,0000000
609;47;-73,860416666666552;8,002083333333252;47,0000000
610;43;-73,868749999999892;7,997916666666584;43,0000000
611;44;-73,868749999999892;7,993749999999918;44,0000000
612;45;-73,868749999999892;7,989583333333250;45,0000000
613;45;-73,868749999999892;7,985416666666584;45,0000000
614;45;-73,864583333333229;7,981249999999918;45,0000000
615;46;-73,872916666666555;7,977083333333251;46,0000000
616;45;-73,860416666666552;7,977083333333251;45,0000000
617;49;-73,868749999999892;7,972916666666584;49,0000000
618;46;-73,864583333333229;7,972916666666584;46,0000000
619;46;-73,856249999999889;7,972916666666584;46,0000000
620;46;-73,852083333333226;7,972916666666584;46,0000000
621;48;-73,864583333333229;7,968749999999917;48,0000000
622;45;-73,856249999999889;7,968749999999917;45,0000000
623;45;-73,852083333333226;7,968749999999917;45,0000000
624;45;-73,856249999999889;7,964583333333251;45,0000000
625;45;-73,852083333333226;7,964583333333251;45,0000000
626;44;-73,852083333333226;7,960416666666584;44,0000000
627;45;-73,847916666666563;7,960416666666584;45,0000000
628;45;-73,860416666666552;7,956249999999917;45,0000000
629;44;-73,847916666666563;7,956249999999917;44,0000000
630;45;-73,843749999999886;7,956249999999917;45,0000000
631;45;-73,843749999999886;7,952083333333251;45,0000000
632;45;-73,839583333333223;7,952083333333251;45,0000000
633;44;-73,839583333333223;7,947916666666584;44,0000000
634;44;-73,835416666666561;7,947916666666584;44,0000000
635;45;-73,868749999999892;7,943749999999917;45,0000000
636;45;-73,835416666666561;7,943749999999917;45,0000000
637;45;-73,835416666666561;7,939583333333251;45,0000000
638;45;-73,831249999999883;7,939583333333251;45,0000000
639;45;-73,831249999999883;7,935416666666584;45,0000000
640;45;-73,831249999999883;7,931249999999917;45,0000000
641;46;-73,839583333333223;7,927083333333250;46,0000000
642;45;-73,835416666666561;7,927083333333250;45,0000000
643;45;-73,831249999999883;7,927083333333250;45,0000000
644;45;-73,835416666666561;7,922916666666584;45,0000000
645;45;-73,835416666666561;7,918749999999918;45,0000000
646;45;-73,835416666666561;7,914583333333250;45,0000000
647;45;-73,831249999999883;7,914583333333250;45,0000000
648;45;-73,835416666666561;7,910416666666584;45,0000000
649;45;-73,831249999999883;7,910416666666584;45,0000000
650;46;-73,839583333333223;7,906249999999917;46,0000000
651;45;-73,835416666666561;7,906249999999917;45,0000000
652;45;-73,839583333333223;7,902083333333250;45,0000000
653;45;-73,835416666666561;7,902083333333250;45,0000000
654;45;-73,831249999999883;7,902083333333250;45,0000000
655;46;-73,839583333333223;7,897916666666584;46,0000000
656;45;-73,835416666666561;7,897916666666584;45,0000000
657;45;-73,831249999999883;7,897916666666584;45,0000000
658;45;-73,839583333333223;7,893749999999917;45,0000000
659;45;-73,835416666666561;7,893749999999917;45,0000000
660;46;-73,827083333333221;7,893749999999917;46,0000000
661;47;-73,839583333333223;7,889583333333251;47,0000000
662;45;-73,835416666666561;7,889583333333251;45,0000000
663;45;-73,827083333333221;7,889583333333251;45,0000000
664;45;-73,835416666666561;7,885416666666583;45,0000000
665;45;-73,822916666666558;7,885416666666583;45,0000000
666;46;-73,835416666666561;7,881249999999917;46,0000000
667;45;-73,831249999999883;7,881249999999917;45,0000000
668;45;-73,827083333333221;7,881249999999917;45,0000000
669;45;-73,822916666666558;7,881249999999917;45,0000000
670;47;-73,831249999999883;7,877083333333250;47,0000000
671;45;-73,827083333333221;7,877083333333250;45,0000000
672;45;-73,818749999999895;7,877083333333250;45,0000000
673;46;-73,827083333333221;7,872916666666583;46,0000000
674;45;-73,822916666666558;7,872916666666583;45,0000000
675;45;-73,818749999999895;7,872916666666583;45,0000000
676;47;-73,827083333333221;7,868749999999917;47,0000000
677;45;-73,822916666666558;7,868749999999917;45,0000000
678;45;-73,818749999999895;7,868749999999917;45,0000000
679;45;-73,822916666666558;7,864583333333250;45,0000000
680;45;-73,818749999999895;7,864583333333250;45,0000000
681;45;-73,822916666666558;7,860416666666584;45,0000000
682;45;-73,822916666666558;7,856249999999917;45,0000000
683;46;-73,818749999999895;7,856249999999917;46,0000000
684;45;-73,822916666666558;7,852083333333250;45,0000000
685;46;-73,818749999999895;7,852083333333250;46,0000000
686;45;-73,818749999999895;7,847916666666583;45,0000000
687;47;-73,827083333333221;7,843749999999917;47,0000000
688;45;-73,818749999999895;7,843749999999917;45,0000000
689;45;-73,814583333333218;7,843749999999917;45,0000000
690;47;-73,827083333333221;7,839583333333250;47,0000000
691;45;-73,818749999999895;7,839583333333250;45,0000000
692;47;-73,810416666666555;7,839583333333250;47,0000000
693;46;-73,827083333333221;7,835416666666584;46,0000000
694;45;-73,818749999999895;7,835416666666584;45,0000000
695;45;-73,818749999999895;7,831249999999917;45,0000000
696;45;-73,818749999999895;7,827083333333250;45,0000000
697;46;-73,822916666666558;7,822916666666583;46,0000000
698;46;-73,806249999999892;7,822916666666583;46,0000000
699;47;-73,822916666666558;7,818749999999916;47,0000000
700;45;-73,818749999999895;7,818749999999916;45,0000000
701;45;-73,806249999999892;7,818749999999916;45,0000000
702;47;-73,822916666666558;7,814583333333250;47,0000000
703;45;-73,814583333333218;7,814583333333250;45,0000000
704;45;-73,810416666666555;7,814583333333250;45,0000000
705;46;-73,806249999999892;7,814583333333250;46,0000000
706;46;-73,822916666666558;7,810416666666583;46,0000000
707;45;-73,810416666666555;7,810416666666583;45,0000000
708;46;-73,806249999999892;7,810416666666583;46,0000000
709;49;-73,827083333333221;7,806249999999917;49,0000000
710;45;-73,810416666666555;7,806249999999917;45,0000000
711;46;-73,806249999999892;7,806249999999917;46,0000000
712;48;-73,827083333333221;7,802083333333250;48,0000000
713;45;-73,810416666666555;7,802083333333250;45,0000000
714;50;-73,827083333333221;7,797916666666583;50,0000000
715;46;-73,822916666666558;7,797916666666583;46,0000000
716;45;-73,810416666666555;7,797916666666583;45,0000000
717;46;-73,806249999999892;7,797916666666583;46,0000000
718;50;-73,822916666666558;7,793749999999917;50,0000000
719;46;-73,818749999999895;7,793749999999917;46,0000000
720;45;-73,814583333333218;7,793749999999917;45,0000000
721;45;-73,810416666666555;7,793749999999917;45,0000000
722;45;-73,806249999999892;7,793749999999917;45,0000000
723;46;-73,810416666666555;7,789583333333249;46,0000000
724;45;-73,806249999999892;7,789583333333249;45,0000000
725;46;-73,806249999999892;7,785416666666583;46,0000000
726;46;-73,802083333333229;7,781249999999917;46,0000000
727;47;-73,797916666666552;7,777083333333250;47,0000000
728;46;-73,797916666666552;7,772916666666584;46,0000000
729;48;-73,802083333333229;7,768749999999916;48,0000000
730;46;-73,797916666666552;7,768749999999916;46,0000000
731;46;-73,802083333333229;7,764583333333250;46,0000000
732;49;-73,806249999999892;7,760416666666583;49,0000000
733;49;-73,810416666666555;7,756249999999916;49,0000000
734;47;-73,806249999999892;7,756249999999916;47,0000000
735;47;-73,810416666666555;7,752083333333250;47,0000000
736;48;-73,814583333333218;7,747916666666583;48,0000000
737;48;-73,810416666666555;7,747916666666583;48,0000000
738;51;-73,822916666666558;7,743749999999917;51,0000000
739;48;-73,818749999999895;7,743749999999917;48,0000000
740;53;-73,831249999999883;7,739583333333250;53,0000000
741;49;-73,827083333333221;7,739583333333250;49,0000000
742;47;-73,822916666666558;7,739583333333250;47,0000000
743;48;-73,818749999999895;7,739583333333250;48,0000000
744;50;-73,814583333333218;7,739583333333250;50,0000000
745;52;-73,831249999999883;7,735416666666583;52,0000000
746;48;-73,827083333333221;7,735416666666583;48,0000000
747;51;-73,831249999999883;7,731249999999916;51,0000000
748;55;-73,835416666666561;7,727083333333249;55,0000000
749;49;-73,831249999999883;7,727083333333249;49,0000000
750;54;-73,835416666666561;7,722916666666583;54,0000000
751;48;-73,831249999999883;7,722916666666583;48,0000000
752;53;-73,835416666666561;7,718749999999917;53,0000000
753;47;-73,831249999999883;7,718749999999917;47,0000000
754;48;-73,831249999999883;7,714583333333250;48,0000000
755;50;-73,827083333333221;7,714583333333250;50,0000000
756;48;-73,835416666666561;7,710416666666583;48,0000000
757;50;-73,831249999999883;7,710416666666583;50,0000000
758;48;-73,835416666666561;7,706249999999916;48,0000000
759;51;-73,831249999999883;7,706249999999916;51,0000000
760;48;-73,835416666666561;7,702083333333249;48,0000000
761;50;-73,831249999999883;7,702083333333249;50,0000000
762;49;-73,835416666666561;7,697916666666583;49,0000000
763;49;-73,831249999999883;7,697916666666583;49,0000000
764;53;-73,835416666666561;7,689583333333250;53,0000000
765;53;-73,835416666666561;7,685416666666583;53,0000000
766;50;-73,835416666666561;7,677083333333250;50,0000000
767;50;-73,831249999999883;7,677083333333250;50,0000000
768;52;-73,827083333333221;7,672916666666582;52,0000000
769;51;-73,827083333333221;7,668749999999916;51,0000000
770;54;-73,822916666666558;7,668749999999916;54,0000000
771;56;-73,822916666666558;7,664583333333249;56,0000000
772;50;-73,831249999999883;7,660416666666583;50,0000000
773;52;-73,827083333333221;7,660416666666583;52,0000000
774;57;-73,822916666666558;7,660416666666583;57,0000000
775;56;-73,843749999999886;7,656249999999917;56,0000000
776;52;-73,839583333333223;7,656249999999917;52,0000000
777;52;-73,843749999999886;7,652083333333249;52,0000000
778;55;-73,847916666666563;7,647916666666583;55,0000000
779;54;-73,847916666666563;7,643749999999915;54,0000000
780;51;-73,843749999999886;7,643749999999915;51,0000000
781;51;-73,843749999999886;7,639583333333249;51,0000000
782;52;-73,843749999999886;7,635416666666583;52,0000000
783;52;-73,843749999999886;7,631249999999916;52,0000000
784;52;-73,839583333333223;7,631249999999916;52,0000000
785;52;-73,839583333333223;7,627083333333250;52,0000000
786;54;-73,835416666666561;7,627083333333250;54,0000000
787;52;-73,839583333333223;7,622916666666582;52,0000000
788;54;-73,843749999999886;7,618749999999916;54,0000000
789;53;-73,839583333333223;7,618749999999916;53,0000000
790;54;-73,839583333333223;7,614583333333249;54,0000000
791;52;-73,839583333333223;7,610416666666582;52,0000000
792;54;-73,843749999999886;7,606249999999916;54,0000000
793;53;-73,839583333333223;7,606249999999916;53,0000000
794;53;-73,843749999999886;7,602083333333249;53,0000000
795;55;-73,839583333333223;7,602083333333249;55,0000000
796;54;-73,847916666666563;7,597916666666583;54,0000000
797;54;-73,843749999999886;7,597916666666583;54,0000000
798;55;-73,852083333333226;7,593749999999916;55,0000000
799;53;-73,847916666666563;7,593749999999916;53,0000000
800;55;-73,856249999999889;7,589583333333249;55,0000000
801;53;-73,852083333333226;7,589583333333249;53,0000000
802;55;-73,860416666666552;7,585416666666582;55,0000000
803;54;-73,856249999999889;7,585416666666582;54,0000000
804;53;-73,852083333333226;7,585416666666582;53,0000000
805;53;-73,860416666666552;7,581249999999915;53,0000000
806;54;-73,856249999999889;7,581249999999915;54,0000000
807;53;-73,852083333333226;7,581249999999915;53,0000000
808;58;-73,864583333333229;7,577083333333249;58,0000000
809;55;-73,856249999999889;7,577083333333249;55,0000000
810;54;-73,852083333333226;7,577083333333249;54,0000000
811;54;-73,860416666666552;7,572916666666583;54,0000000
812;54;-73,856249999999889;7,572916666666583;54,0000000
813;53;-73,852083333333226;7,572916666666583;53,0000000
814;54;-73,860416666666552;7,568749999999916;54,0000000
815;53;-73,856249999999889;7,568749999999916;53,0000000
816;54;-73,860416666666552;7,564583333333249;54,0000000
817;53;-73,856249999999889;7,564583333333249;53,0000000
818;54;-73,856249999999889;7,560416666666582;54,0000000
819;55;-73,864583333333229;7,556249999999915;55,0000000
820;53;-73,860416666666552;7,556249999999915;53,0000000
821;55;-73,856249999999889;7,556249999999915;55,0000000
822;54;-73,864583333333229;7,552083333333249;54,0000000
823;56;-73,856249999999889;7,552083333333249;56,0000000
824;54;-73,860416666666552;7,547916666666582;54,0000000
825;57;-73,881249999999895;7,543749999999916;57,0000000
826;55;-73,877083333333218;7,543749999999916;55,0000000
827;53;-73,872916666666555;7,543749999999916;53,0000000
828;54;-73,893749999999883;7,539583333333248;54,0000000
829;55;-73,897916666666561;7,535416666666582;55,0000000
830;58;-73,877083333333218;7,535416666666582;58,0000000
831;57;-73,872916666666555;7,535416666666582;57,0000000
832;54;-73,897916666666561;7,531249999999916;54,0000000
833;58;-73,877083333333218;7,531249999999916;58,0000000
834;55;-73,872916666666555;7,531249999999916;55,0000000
835;55;-73,868749999999892;7,531249999999916;55,0000000
836;54;-73,902083333333223;7,527083333333248;54,0000000
837;56;-73,897916666666561;7,527083333333248;56,0000000
838;56;-73,877083333333218;7,527083333333248;56,0000000
839;57;-73,868749999999892;7,527083333333248;57,0000000
840;56;-73,906249999999886;7,522916666666582;56,0000000
841;54;-73,902083333333223;7,522916666666582;54,0000000
842;56;-73,877083333333218;7,522916666666582;56,0000000
843;56;-73,906249999999886;7,518749999999915;56,0000000
844;55;-73,877083333333218;7,518749999999915;55,0000000
845;55;-73,906249999999886;7,514583333333249;55,0000000
846;56;-73,910416666666563;7,510416666666582;56,0000000
847;57;-73,906249999999886;7,510416666666582;57,0000000
848;55;-73,910416666666563;7,506249999999915;55,0000000
849;58;-73,906249999999886;7,506249999999915;58,0000000
850;57;-73,889583333333221;7,506249999999915;57,0000000
851;57;-73,885416666666558;7,506249999999915;57,0000000
852;56;-73,881249999999895;7,506249999999915;56,0000000
853;56;-73,910416666666563;7,502083333333249;56,0000000
854;57;-73,906249999999886;7,502083333333249;57,0000000
855;57;-73,902083333333223;7,502083333333249;57,0000000
856;57;-73,897916666666561;7,502083333333249;57,0000000
857;58;-73,893749999999883;7,502083333333249;58,0000000
858;57;-73,889583333333221;7,502083333333249;57,0000000
859;57;-73,885416666666558;7,502083333333249;57,0000000
860;25;-74,027083333333223;8,960416666666589;25,0000000
861;25;-74,006249999999895;8,960416666666589;25,0000000
862;24;-73,985416666666552;8,960416666666589;24,0000000
863;25;-74,043749999999889;8,956249999999921;25,0000000
864;25;-74,039583333333226;8,956249999999921;25,0000000
865;25;-74,035416666666563;8,956249999999921;25,0000000
866;24;-74,022916666666561;8,956249999999921;24,0000000
867;24;-74,006249999999895;8,956249999999921;24,0000000
868;25;-73,997916666666555;8,956249999999921;25,0000000
869;25;-73,993749999999892;8,956249999999921;25,0000000
870;24;-73,989583333333229;8,956249999999921;24,0000000
871;25;-73,985416666666552;8,956249999999921;25,0000000
872;24;-74,077083333333221;8,952083333333254;24,0000000
873;25;-74,060416666666555;8,952083333333254;25,0000000
874;25;-74,056249999999892;8,952083333333254;25,0000000
875;25;-74,052083333333229;8,952083333333254;25,0000000
876;27;-74,047916666666552;8,952083333333254;27,0000000
877;26;-74,018749999999883;8,952083333333254;26,0000000
878;25;-74,014583333333221;8,952083333333254;25,0000000
879;25;-74,010416666666558;8,952083333333254;25,0000000
880;25;-74,002083333333218;8,952083333333254;25,0000000
881;25;-73,997916666666555;8,952083333333254;25,0000000
882;24;-73,993749999999892;8,952083333333254;24,0000000
883;25;-73,989583333333229;8,952083333333254;25,0000000
884;25;-74,072916666666558;8,947916666666588;25,0000000
885;25;-74,068749999999895;8,947916666666588;25,0000000
886;26;-74,064583333333218;8,947916666666588;26,0000000
887;25;-73,877083333333218;8,960416666666589;25,0000000
888;28;-73,872916666666555;8,960416666666589;28,0000000
889;26;-73,877083333333218;8,956249999999921;26,0000000
890;27;-73,872916666666555;8,956249999999921;27,0000000
891;28;-73,868749999999892;8,956249999999921;28,0000000
892;28;-73,868749999999892;8,952083333333254;28,0000000
893;25;-73,872916666666555;8,947916666666588;25,0000000
894;25;-73,868749999999892;8,947916666666588;25,0000000
895;28;-73,864583333333229;8,947916666666588;28,0000000
896;25;-73,860416666666552;8,947916666666588;25,0000000
897;27;-73,872916666666555;8,943749999999921;27,0000000
898;24;-73,868749999999892;8,943749999999921;24,0000000
899;25;-73,864583333333229;8,943749999999921;25,0000000
900;26;-73,868749999999892;8,939583333333255;26,0000000
901;27;-73,868749999999892;8,935416666666589;27,0000000
902;26;-73,868749999999892;8,931249999999922;26,0000000
903;26;-73,868749999999892;8,927083333333254;26,0000000
904;27;-73,872916666666555;8,922916666666588;27,0000000
905;28;-73,868749999999892;8,922916666666588;28,0000000
906;26;-73,872916666666555;8,918749999999921;26,0000000
907;27;-73,868749999999892;8,918749999999921;27,0000000
908;26;-73,868749999999892;8,914583333333255;26,0000000
909;27;-73,872916666666555;8,910416666666588;27,0000000
910;26;-73,872916666666555;8,906249999999922;26,0000000
911;28;-73,872916666666555;8,902083333333255;28,0000000
912;27;-73,864583333333229;8,902083333333255;27,0000000
913;26;-73,864583333333229;8,897916666666587;26,0000000
914;26;-73,868749999999892;8,893749999999921;26,0000000
915;25;-73,864583333333229;8,893749999999921;25,0000000
916;28;-73,868749999999892;8,889583333333254;28,0000000
917;25;-73,864583333333229;8,889583333333254;25,0000000
918;32;-73,868749999999892;8,885416666666588;32,0000000
919;26;-73,864583333333229;8,885416666666588;26,0000000
920;30;-73,864583333333229;8,881249999999921;30,0000000
921;26;-73,860416666666552;8,881249999999921;26,0000000
922;27;-73,860416666666552;8,877083333333255;27,0000000
923;27;-73,856249999999889;8,877083333333255;27,0000000
924;27;-73,856249999999889;8,872916666666589;27,0000000
925;26;-73,847916666666563;8,868749999999920;26,0000000
926;25;-73,843749999999886;8,864583333333254;25,0000000
927;27;-73,839583333333223;8,864583333333254;27,0000000
928;25;-73,839583333333223;8,860416666666588;25,0000000
929;28;-73,835416666666561;8,860416666666588;28,0000000
930;25;-73,839583333333223;8,856249999999921;25,0000000
931;25;-73,835416666666561;8,856249999999921;25,0000000
932;28;-73,839583333333223;8,852083333333255;28,0000000
933;26;-73,835416666666561;8,852083333333255;26,0000000
934;25;-73,831249999999883;8,852083333333255;25,0000000
935;27;-73,827083333333221;8,852083333333255;27,0000000
936;29;-73,822916666666558;8,852083333333255;29,0000000
937;28;-73,831249999999883;8,847916666666588;28,0000000
938;26;-73,827083333333221;8,847916666666588;26,0000000
939;28;-73,818749999999895;8,847916666666588;28,0000000
940;30;-73,814583333333218;8,847916666666588;30,0000000
941;29;-73,827083333333221;8,843749999999922;29,0000000
942;26;-73,822916666666558;8,843749999999922;26,0000000
943;28;-73,818749999999895;8,843749999999922;28,0000000
944;29;-73,822916666666558;8,839583333333254;29,0000000
945;26;-73,818749999999895;8,839583333333254;26,0000000
946;25;-73,814583333333218;8,839583333333254;25,0000000
947;28;-73,810416666666555;8,839583333333254;28,0000000
948;30;-73,818749999999895;8,835416666666587;30,0000000
949;26;-73,814583333333218;8,835416666666587;26,0000000
950;26;-73,810416666666555;8,835416666666587;26,0000000
951;26;-73,810416666666555;8,831249999999921;26,0000000
952;28;-73,806249999999892;8,831249999999921;28,0000000
953;26;-73,806249999999892;8,827083333333254;26,0000000
954;26;-73,802083333333229;8,822916666666588;26,0000000
955;27;-73,802083333333229;8,818749999999921;27,0000000
956;27;-73,797916666666552;8,818749999999921;27,0000000
957;25;-73,797916666666552;8,814583333333255;25,0000000
958;28;-73,793749999999889;8,814583333333255;28,0000000
959;26;-73,797916666666552;8,810416666666587;26,0000000
960;29;-73,785416666666549;8,810416666666587;29,0000000
961;29;-73,797916666666552;8,806249999999920;29,0000000
962;26;-73,793749999999889;8,806249999999920;26,0000000
963;26;-73,793749999999889;8,802083333333254;26,0000000
964;28;-73,789583333333226;8,802083333333254;28,0000000
965;28;-73,785416666666549;8,802083333333254;28,0000000
966;27;-73,793749999999889;8,797916666666588;27,0000000
967;27;-73,793749999999889;8,793749999999921;27,0000000
968;26;-73,789583333333226;8,793749999999921;26,0000000
969;27;-73,793749999999889;8,789583333333255;27,0000000
970;28;-73,789583333333226;8,789583333333255;28,0000000
971;26;-73,793749999999889;8,785416666666588;26,0000000
972;27;-73,793749999999889;8,781249999999920;27,0000000
973;27;-73,793749999999889;8,777083333333254;27,0000000
974;28;-73,793749999999889;8,772916666666587;28,0000000
975;30;-73,793749999999889;8,764583333333254;30,0000000
976;35;-73,797916666666552;8,756249999999921;35,0000000
977;28;-73,789583333333226;8,756249999999921;28,0000000
978;28;-73,793749999999889;8,752083333333253;28,0000000
979;28;-73,789583333333226;8,752083333333253;28,0000000
980;27;-73,793749999999889;8,747916666666587;27,0000000
981;29;-73,789583333333226;8,747916666666587;29,0000000
982;29;-73,797916666666552;8,743749999999920;29,0000000
983;28;-73,793749999999889;8,743749999999920;28,0000000
984;31;-73,802083333333229;8,739583333333254;31,0000000
985;29;-73,797916666666552;8,739583333333254;29,0000000
986;31;-73,810416666666555;8,735416666666588;31,0000000
987;30;-73,806249999999892;8,735416666666588;30,0000000
988;30;-73,810416666666555;8,731249999999921;30,0000000
989;29;-73,814583333333218;8,727083333333255;29,0000000
990;28;-73,814583333333218;8,722916666666586;28,0000000
991;28;-73,814583333333218;8,718749999999920;28,0000000
992;29;-73,814583333333218;8,714583333333254;29,0000000
993;29;-73,810416666666555;8,714583333333254;29,0000000
994;32;-73,806249999999892;8,714583333333254;32,0000000
995;29;-73,810416666666555;8,710416666666587;29,0000000
996;30;-73,810416666666555;8,706249999999921;30,0000000
997;30;-73,810416666666555;8,702083333333254;30,0000000
998;30;-73,810416666666555;8,697916666666588;30,0000000
999;30;-73,810416666666555;8,693749999999920;30,0000000
1000;32;-73,806249999999892;8,693749999999920;32,0000000
1001;31;-73,810416666666555;8,689583333333253;31,0000000
1002;30;-73,806249999999892;8,689583333333253;30,0000000
1003;32;-73,814583333333218;8,685416666666587;32,0000000
1004;31;-73,806249999999892;8,685416666666587;31,0000000
1005;29;-73,810416666666555;8,681249999999920;29,0000000
1006;31;-73,818749999999895;8,677083333333254;31,0000000
1007;30;-73,814583333333218;8,677083333333254;30,0000000
1008;29;-73,810416666666555;8,677083333333254;29,0000000
1009;30;-73,818749999999895;8,672916666666588;30,0000000
1010;28;-73,814583333333218;8,672916666666588;28,0000000
1011;29;-73,818749999999895;8,668749999999921;29,0000000
1012;29;-73,818749999999895;8,664583333333253;29,0000000
1013;31;-73,818749999999895;8,660416666666586;31,0000000
1014;31;-73,818749999999895;8,656249999999920;31,0000000
1015;31;-73,818749999999895;8,652083333333254;31,0000000
1016;30;-73,818749999999895;8,647916666666587;30,0000000
1017;29;-73,818749999999895;8,643749999999921;29,0000000
1018;29;-73,818749999999895;8,639583333333254;29,0000000
1019;30;-73,818749999999895;8,635416666666586;30,0000000
1020;33;-73,818749999999895;8,631249999999920;33,0000000
1021;30;-73,814583333333218;8,631249999999920;30,0000000
1022;34;-73,818749999999895;8,627083333333253;34,0000000
1023;31;-73,814583333333218;8,627083333333253;31,0000000
1024;34;-73,818749999999895;8,622916666666587;34,0000000
1025;34;-73,814583333333218;8,622916666666587;34,0000000
1026;29;-73,810416666666555;8,622916666666587;29,0000000
1027;32;-73,810416666666555;8,618749999999920;32,0000000
1028;31;-73,806249999999892;8,618749999999920;31,0000000
1029;33;-73,806249999999892;8,614583333333254;33,0000000
1030;33;-73,797916666666552;8,610416666666588;33,0000000
1031;34;-73,797916666666552;8,606249999999919;34,0000000
1032;32;-73,793749999999889;8,606249999999919;32,0000000
1033;35;-73,797916666666552;8,602083333333253;35,0000000
1034;32;-73,793749999999889;8,602083333333253;32,0000000
1035;35;-73,797916666666552;8,597916666666586;35,0000000
1036;32;-73,793749999999889;8,597916666666586;32,0000000
1037;31;-73,793749999999889;8,593749999999920;31,0000000
1038;32;-73,793749999999889;8,589583333333254;32,0000000
1039;34;-73,793749999999889;8,585416666666587;34,0000000
1040;32;-73,789583333333226;8,585416666666587;32,0000000
1041;31;-73,789583333333226;8,581249999999921;31,0000000
1042;33;-73,789583333333226;8,577083333333253;33,0000000
1043;31;-73,785416666666549;8,577083333333253;31,0000000
1044;30;-73,785416666666549;8,572916666666586;30,0000000
1045;32;-73,785416666666549;8,568749999999920;32,0000000
1046;32;-73,781249999999886;8,568749999999920;32,0000000
1047;34;-73,785416666666549;8,564583333333253;34,0000000
1048;34;-73,777083333333223;8,564583333333253;34,0000000
1049;35;-73,785416666666549;8,560416666666587;35,0000000
1050;33;-73,772916666666561;8,560416666666587;33,0000000
1051;33;-73,781249999999886;8,556249999999920;33,0000000
1052;33;-73,781249999999886;8,552083333333254;33,0000000
1053;30;-73,777083333333223;8,552083333333254;30,0000000
1054;36;-73,768749999999883;8,552083333333254;36,0000000
1055;36;-73,781249999999886;8,547916666666586;36,0000000
1056;30;-73,777083333333223;8,547916666666586;30,0000000
1057;31;-73,777083333333223;8,543749999999919;31,0000000
1058;31;-73,777083333333223;8,539583333333253;31,0000000
1059;31;-73,777083333333223;8,535416666666586;31,0000000
1060;32;-73,781249999999886;8,531249999999920;32,0000000
1061;32;-73,777083333333223;8,531249999999920;32,0000000
1062;32;-73,781249999999886;8,527083333333254;32,0000000
1063;32;-73,777083333333223;8,527083333333254;32,0000000
1064;33;-73,781249999999886;8,522916666666587;33,0000000
1065;32;-73,777083333333223;8,522916666666587;32,0000000
1066;34;-73,781249999999886;8,518749999999919;34,0000000
1067;31;-73,777083333333223;8,518749999999919;31,0000000
1068;31;-73,777083333333223;8,514583333333253;31,0000000
1069;32;-73,777083333333223;8,510416666666586;32,0000000
1070;32;-73,772916666666561;8,506249999999920;32,0000000
1071;35;-73,777083333333223;8,502083333333253;35,0000000
1072;31;-73,772916666666561;8,502083333333253;31,0000000
1073;37;-73,777083333333223;8,497916666666587;37,0000000
1074;31;-73,772916666666561;8,497916666666587;31,0000000
1075;33;-73,772916666666561;8,493749999999920;33,0000000
1076;35;-73,772916666666561;8,489583333333252;35,0000000
1077;31;-73,768749999999883;8,489583333333252;31,0000000
1078;34;-73,764583333333221;8,489583333333252;34,0000000
1079;34;-73,768749999999883;8,485416666666586;34,0000000
1080;31;-73,764583333333221;8,485416666666586;31,0000000
1081;33;-73,764583333333221;8,481249999999919;33,0000000
1082;31;-73,760416666666558;8,481249999999919;31,0000000
1083;33;-73,756249999999895;8,481249999999919;33,0000000
1084;33;-73,760416666666558;8,477083333333253;33,0000000
1085;30;-73,756249999999895;8,477083333333253;30,0000000
1086;32;-73,752083333333218;8,477083333333253;32,0000000
1087;34;-73,756249999999895;8,472916666666586;34,0000000
1088;31;-73,752083333333218;8,472916666666586;31,0000000
1089;33;-73,747916666666555;8,468749999999920;33,0000000
1090;33;-73,752083333333218;8,464583333333254;33,0000000
1091;31;-73,747916666666555;8,460416666666585;31,0000000
1092;33;-73,747916666666555;8,447916666666586;33,0000000
1093;34;-73,752083333333218;8,443749999999920;34,0000000
1094;32;-73,747916666666555;8,443749999999920;32,0000000
1095;35;-73,752083333333218;8,439583333333253;35,0000000
1096;33;-73,747916666666555;8,439583333333253;33,0000000
1097;32;-73,747916666666555;8,435416666666587;32,0000000
1098;32;-73,747916666666555;8,431249999999919;32,0000000
1099;34;-73,747916666666555;8,427083333333252;34,0000000
1100;40;-73,752083333333218;8,422916666666586;40,0000000
1101;34;-73,747916666666555;8,422916666666586;34,0000000
1102;34;-73,747916666666555;8,418749999999919;34,0000000
1103;33;-73,747916666666555;8,414583333333253;33,0000000
1104;33;-73,752083333333218;8,410416666666586;33,0000000
1105;32;-73,747916666666555;8,410416666666586;32,0000000
1106;35;-73,752083333333218;8,406249999999920;35,0000000
1107;33;-73,747916666666555;8,406249999999920;33,0000000
1108;33;-73,747916666666555;8,402083333333252;33,0000000
1109;33;-73,752083333333218;8,385416666666586;33,0000000
1110;34;-73,752083333333218;8,381249999999920;34,0000000
1111;34;-73,747916666666555;8,381249999999920;34,0000000
1112;36;-73,752083333333218;8,377083333333253;36,0000000
1113;33;-73,747916666666555;8,368749999999919;33,0000000
1114;32;-73,747916666666555;8,364583333333252;32,0000000
1115;33;-73,747916666666555;8,360416666666586;33,0000000
1116;34;-73,752083333333218;8,356249999999919;34,0000000
1117;33;-73,752083333333218;8,352083333333253;33,0000000
1118;33;-73,756249999999895;8,347916666666586;33,0000000
1119;35;-73,752083333333218;8,347916666666586;35,0000000
1120;34;-73,756249999999895;8,343749999999918;34,0000000
1121;37;-73,760416666666558;8,339583333333252;37,0000000
1122;36;-73,760416666666558;8,335416666666585;36,0000000
1123;34;-73,756249999999895;8,331249999999919;34,0000000
1124;36;-73,756249999999895;8,327083333333253;36,0000000
1125;37;-73,752083333333218;8,322916666666586;37,0000000
1126;35;-73,747916666666555;8,318749999999920;35,0000000
1127;35;-73,747916666666555;8,314583333333252;35,0000000
1128;35;-73,752083333333218;8,310416666666585;35,0000000
1129;35;-73,760416666666558;8,306249999999919;35,0000000
1130;34;-73,760416666666558;8,302083333333252;34,0000000
1131;33;-73,760416666666558;8,297916666666586;33,0000000
1132;35;-73,760416666666558;8,293749999999919;35,0000000
1133;34;-73,756249999999895;8,289583333333251;34,0000000
1134;35;-73,756249999999895;8,285416666666585;35,0000000
1135;37;-73,752083333333218;8,281249999999918;37,0000000
1136;37;-73,752083333333218;8,277083333333252;37,0000000
1137;33;-73,752083333333218;8,268749999999919;33,0000000
1138;33;-73,760416666666558;8,264583333333253;33,0000000
1139;33;-73,756249999999895;8,264583333333253;33,0000000
1140;34;-73,764583333333221;8,260416666666586;34,0000000
1141;33;-73,760416666666558;8,260416666666586;33,0000000
1142;36;-73,764583333333221;8,256249999999918;36,0000000
1143;36;-73,764583333333221;8,252083333333252;36,0000000
1144;35;-73,764583333333221;8,247916666666585;35,0000000
1145;35;-73,764583333333221;8,243749999999919;35,0000000
1146;35;-73,764583333333221;8,239583333333252;35,0000000
1147;33;-73,768749999999883;8,235416666666586;33,0000000
1148;37;-73,764583333333221;8,235416666666586;37,0000000
1149;25;-73,964583333333223;8,997916666666589;25,0000000
1150;25;-73,960416666666561;8,997916666666589;25,0000000
1151;25;-73,956249999999883;8,997916666666589;25,0000000
1152;24;-73,952083333333221;8,993749999999922;24,0000000
1153;24;-73,947916666666558;8,993749999999922;24,0000000
1154;25;-73,968749999999886;8,989583333333256;25,0000000
1155;26;-73,964583333333223;8,989583333333256;26,0000000
1156;26;-73,960416666666561;8,989583333333256;26,0000000
1157;24;-73,943749999999895;8,989583333333256;24,0000000
1158;24;-73,977083333333226;8,985416666666588;24,0000000
1159;24;-73,939583333333218;8,985416666666588;24,0000000
1160;26;-73,989583333333229;8,981249999999921;26,0000000
1161;25;-73,985416666666552;8,981249999999921;25,0000000
1162;24;-73,981249999999889;8,981249999999921;24,0000000
1163;25;-73,997916666666555;8,977083333333255;25,0000000
1164;25;-73,993749999999892;8,977083333333255;25,0000000
1165;24;-73,981249999999889;8,977083333333255;24,0000000
1166;26;-74,006249999999895;8,972916666666588;26,0000000
1167;25;-74,002083333333218;8,972916666666588;25,0000000
1168;25;-73,981249999999889;8,972916666666588;25,0000000
1169;26;-74,006249999999895;8,968749999999922;26,0000000
1170;25;-73,981249999999889;8,968749999999922;25,0000000
1171;26;-74,006249999999895;8,964583333333255;26,0000000
1172;26;-73,985416666666552;8,964583333333255;26,0000000
1173;24;-73,935416666666555;8,985416666666588;24,0000000
1174;25;-73,931249999999892;8,985416666666588;25,0000000
1175;26;-73,931249999999892;8,981249999999921;26,0000000
1176;25;-73,922916666666552;8,981249999999921;25,0000000
1177;25;-73,906249999999886;8,981249999999921;25,0000000
1178;24;-73,902083333333223;8,981249999999921;24,0000000
1179;24;-73,897916666666561;8,981249999999921;24,0000000
1180;25;-73,893749999999883;8,981249999999921;25,0000000
1181;25;-73,889583333333221;8,981249999999921;25,0000000
1182;26;-73,922916666666552;8,977083333333255;26,0000000
1183;26;-73,918749999999889;8,977083333333255;26,0000000
1184;25;-73,914583333333226;8,977083333333255;25,0000000
1185;28;-73,889583333333221;8,977083333333255;28,0000000
1186;26;-73,877083333333218;8,977083333333255;26,0000000
1187;26;-73,872916666666555;8,977083333333255;26,0000000
1188;26;-73,868749999999892;8,977083333333255;26,0000000
1189;29;-73,889583333333221;8,972916666666588;29,0000000
1190;28;-73,885416666666558;8,972916666666588;28,0000000
1191;28;-73,885416666666558;8,968749999999922;28,0000000
1192;25;-73,881249999999895;8,968749999999922;25,0000000
1193;26;-73,852083333333226;8,968749999999922;26,0000000
1194;26;-73,881249999999895;8,964583333333255;26,0000000
1195;26;-73,877083333333218;8,964583333333255;26,0000000